0.000 226.530 0.983
0.010 226.530 0.767
0.020 233.170 0.763
0.030 240.000 0.998
0.040 240.000 0.994
0.050 254.270 0.998
0.060 254.270 0.999
0.070 261.720 0.994
0.080 269.390 0.999
0.090 277.280 0.997
0.100 285.410 0.992
0.110 285.410 0.999
0.120 285.410 0.868
0.130 320.360 0.684
0.140 320.360 0.242
0.150 320.360 0.158
0.160 329.750 0.432
0.170 329.750 0.661
0.180 329.750 0.945
0.190 329.750 0.994
0.200 329.750 0.999
0.210 339.410 0.998
0.220 349.360 0.997
0.230 349.360 0.998
0.240 349.360 0.986
0.250 339.410 0.903
0.260 0.000 0.332
0.270 0.000 0.187
0.280 0.000 0.751
0.290 0.000 0.419
0.300 0.000 0.220
0.310 0.000 0.527
0.320 0.000 0.033
0.330 0.000 0.022
0.340 0.000 0.015
0.350 0.000 0.015
0.360 0.000 0.061
0.370 0.000 0.014
0.380 0.000 0.025
0.390 0.000 0.018
0.400 0.000 0.025
0.410 0.000 0.020
0.420 0.000 0.004
0.430 0.000 0.027
0.440 0.000 0.314
0.450 0.000 0.045
0.460 0.000 0.084
0.470 0.000 0.317
0.480 0.000 0.594
0.490 0.000 0.258
0.500 0.000 0.182
0.510 0.000 0.022
0.520 0.000 0.014
0.530 0.000 0.042
0.540 0.000 0.031
0.550 0.000 0.015
0.560 0.000 0.009
0.570 0.000 0.021
0.580 0.000 0.001
0.590 0.000 0.008
0.600 0.000 0.084
0.610 0.000 0.300
0.620 0.000 0.226
0.630 0.000 0.326
0.640 0.000 0.072
0.650 0.000 0.071
0.660 0.000 0.169
0.670 0.000 0.188
0.680 0.000 0.061
0.690 0.000 0.031
0.700 0.000 0.025
0.710 0.000 0.013
0.720 0.000 0.013
0.730 0.000 0.094
0.740 0.000 0.061
0.750 0.000 0.029
0.760 0.000 0.044
0.770 0.000 0.037
0.780 0.000 0.031
0.790 0.000 0.047
0.800 0.000 0.050
0.810 0.000 0.034
0.820 0.000 0.006
0.830 0.000 0.045
0.840 0.000 0.089
0.850 0.000 0.032
0.860 0.000 0.127
0.870 0.000 0.032
0.880 0.000 0.010
0.890 0.000 0.027
0.900 0.000 0.052
0.910 0.000 0.022
0.920 0.000 0.007
0.930 0.000 0.009
0.940 0.000 0.052
0.950 0.000 0.053
0.960 0.000 0.107
0.970 0.000 0.029
0.980 0.000 0.033
0.990 0.000 0.002
1.000 0.000 0.006
1.010 0.000 0.005
1.020 0.000 0.007
1.030 0.000 0.047
1.040 0.000 0.302
1.050 0.000 0.175
1.060 0.000 0.617
1.070 0.000 0.052
1.080 0.000 0.059
1.090 0.000 0.187
1.100 0.000 0.011
1.110 0.000 0.007
1.120 0.000 0.001
1.130 0.000 0.065
1.140 0.000 0.173
1.150 0.000 0.012
1.160 0.000 0.046
1.170 0.000 0.016
1.180 0.000 0.170
1.190 0.000 0.059
1.200 0.000 0.018
1.210 0.000 0.016
1.220 0.000 0.107
1.230 0.000 0.224
1.240 0.000 0.012
1.250 0.000 0.021
1.260 0.000 0.046
1.270 0.000 0.206
1.280 0.000 0.054
1.290 0.000 0.066
1.300 0.000 0.006
1.310 0.000 0.023
1.320 0.000 0.011
1.330 0.000 0.034
1.340 0.000 0.037
1.350 0.000 0.067
1.360 0.000 0.048
1.370 0.000 0.051
1.380 0.000 0.080
1.390 0.000 0.060
1.400 0.000 0.017
1.410 0.000 0.034
1.420 0.000 0.030
1.430 0.000 0.035
1.440 0.000 0.049
1.450 0.000 0.003
1.460 0.000 0.021
1.470 0.000 0.020
1.480 0.000 0.043
1.490 0.000 0.054
1.500 0.000 0.065
1.510 0.000 0.120
1.520 0.000 0.040
1.530 0.000 0.082
1.540 0.000 0.003
1.550 0.000 0.004
1.560 0.000 0.005
1.570 0.000 0.013
1.580 0.000 0.021
1.590 0.000 0.006
1.600 0.000 0.017
1.610 0.000 0.019
1.620 0.000 0.030
1.630 0.000 0.370
1.640 0.000 0.180
1.650 0.000 0.027
1.660 0.000 0.096
1.670 0.000 0.139
1.680 0.000 0.062
1.690 0.000 0.033
1.700 0.000 0.033
1.710 0.000 0.019
1.720 0.000 0.047
1.730 0.000 0.039
1.740 0.000 0.038
1.750 0.000 0.024
1.760 0.000 0.044
1.770 0.000 0.044
1.780 0.000 0.030
1.790 0.000 0.057
1.800 0.000 0.034
1.810 0.000 0.069
1.820 0.000 0.079
1.830 0.000 0.059
1.840 0.000 0.129
1.850 0.000 0.135
1.860 0.000 0.091
1.870 0.000 0.073
1.880 0.000 0.051
1.890 0.000 0.061
1.900 0.000 0.068
1.910 0.000 0.094
1.920 0.000 0.147
1.930 0.000 0.177
1.940 0.000 0.150
1.950 0.000 0.005
1.960 0.000 0.059
1.970 0.000 0.032
1.980 0.000 0.027
1.990 0.000 0.024
2.000 0.000 0.164
2.010 0.000 0.973
2.020 0.000 0.119
2.030 0.000 0.081
2.040 0.000 0.025
2.050 0.000 0.010
2.060 0.000 0.013
2.070 0.000 0.001
2.080 0.000 0.003
2.090 0.000 0.029
2.100 0.000 0.029
2.110 0.000 0.005
2.120 0.000 0.273
2.130 0.000 0.086
2.140 0.000 0.125
2.150 0.000 0.082
2.160 0.000 0.146
2.170 0.000 0.160
2.180 0.000 0.178
2.190 0.000 0.096
2.200 0.000 0.046
2.210 0.000 0.111
2.220 0.000 0.158
2.230 0.000 0.539
2.240 0.000 0.119
2.250 0.000 0.025
2.260 0.000 0.002
2.270 0.000 0.055
2.280 0.000 0.099
2.290 0.000 0.353
2.300 0.000 0.125
2.310 0.000 0.158
2.320 0.000 0.146
2.330 0.000 0.150
2.340 0.000 0.500
2.350 0.000 0.020
2.360 0.000 0.019
2.370 0.000 0.173
2.380 0.000 0.019
2.390 0.000 0.082
2.400 0.000 0.103
2.410 0.000 0.170
2.420 0.000 0.277
2.430 0.000 0.203
2.440 0.000 0.295
2.450 0.000 0.460
2.460 0.000 0.190
2.470 0.000 0.612
2.480 0.000 0.060
2.490 0.000 0.024
2.500 0.000 0.006
2.510 0.000 0.017
2.520 0.000 0.011
2.530 0.000 0.014
2.540 0.000 0.056
2.550 0.000 0.071
2.560 0.000 0.089
2.570 0.000 0.087
2.580 0.000 0.026
2.590 0.000 0.075
2.600 0.000 0.010
2.610 0.000 0.024
2.620 0.000 0.076
2.630 0.000 0.004
2.640 0.000 0.010
2.650 0.000 0.022
2.660 0.000 0.019
2.670 0.000 0.045
2.680 0.000 0.035
2.690 0.000 0.082
2.700 0.000 0.050
2.710 0.000 0.003
2.720 0.000 0.052
2.730 0.000 0.073
2.740 0.000 0.044
2.750 0.000 0.045
2.760 0.000 0.030
2.770 0.000 0.010
2.780 0.000 0.017
2.790 0.000 0.123
2.800 0.000 0.018
2.810 0.000 0.110
2.820 0.000 0.028
2.830 0.000 0.035
2.840 0.000 0.069
2.850 0.000 0.033
2.860 0.000 0.031
2.870 0.000 0.004
2.880 0.000 0.002
2.890 0.000 0.060
2.900 0.000 0.295
2.910 0.000 0.101
2.920 0.000 0.239
2.930 0.000 0.149
2.940 0.000 0.117
2.950 0.000 0.122
2.960 0.000 0.120
2.970 0.000 0.062
2.980 0.000 0.051
2.990 0.000 0.033
3.000 0.000 0.241
3.010 0.000 0.297
3.020 0.000 0.014
3.030 0.000 0.002
3.040 0.000 0.472
3.050 0.000 0.057
3.060 0.000 0.033
3.070 0.000 0.075
3.080 0.000 0.047
3.090 0.000 0.071
3.100 0.000 0.064
3.110 0.000 0.148
3.120 0.000 0.116
3.130 0.000 0.072
3.140 0.000 0.064
3.150 0.000 0.069
3.160 0.000 0.072
3.170 0.000 0.002
3.180 0.000 0.002
3.190 0.000 0.005
3.200 0.000 0.003
3.210 0.000 0.038
3.220 0.000 0.025
3.230 0.000 0.004
3.240 0.000 0.028
3.250 0.000 0.096
3.260 0.000 0.294
3.270 0.000 0.370
3.280 0.000 0.161
3.290 0.000 0.023
3.300 0.000 0.004
3.310 0.000 0.038
3.320 0.000 0.038
3.330 0.000 0.072
3.340 0.000 0.032
3.350 0.000 0.026
3.360 0.000 0.078
3.370 0.000 0.045
3.380 0.000 0.509
3.390 0.000 0.075
3.400 0.000 0.001
3.410 0.000 0.001
3.420 0.000 0.023
3.430 0.000 0.449
3.440 0.000 0.080
3.450 0.000 0.155
3.460 0.000 0.010
3.470 0.000 0.070
3.480 0.000 0.427
3.490 0.000 0.202
3.500 0.000 0.004
3.510 0.000 0.054
3.520 0.000 0.018
3.530 0.000 0.596
3.540 0.000 0.037
3.550 0.000 0.023
3.560 0.000 0.047
3.570 0.000 0.017
3.580 0.000 0.019
3.590 0.000 0.053
3.600 0.000 0.085
3.610 0.000 0.128
3.620 0.000 0.052
3.630 0.000 0.151
3.640 0.000 0.031
3.650 0.000 0.006
3.660 0.000 0.285
3.670 0.000 0.178
3.680 0.000 0.113
3.690 0.000 0.100
3.700 0.000 0.036
3.710 0.000 0.026
3.720 0.000 0.022
3.730 0.000 0.039
3.740 0.000 0.006
3.750 0.000 0.054
3.760 0.000 0.146
3.770 0.000 0.132
3.780 0.000 0.123
3.790 0.000 0.112
3.800 0.000 0.091
3.810 0.000 0.229
3.820 0.000 0.029
3.830 0.000 0.023
3.840 0.000 0.029
3.850 0.000 0.035
3.860 0.000 0.067
3.870 0.000 0.073
3.880 0.000 0.075
3.890 0.000 0.028
3.900 0.000 0.033
3.910 0.000 0.191
3.920 0.000 0.026
3.930 0.000 0.060
3.940 0.000 0.075
3.950 0.000 0.205
3.960 0.000 0.174
3.970 0.000 0.069
3.980 0.000 0.130
3.990 0.000 0.082
4.000 0.000 0.252
4.010 0.000 0.066
4.020 0.000 0.144
4.030 0.000 0.071
4.040 0.000 0.148
4.050 0.000 0.763
4.060 0.000 0.125
4.070 0.000 0.045
4.080 0.000 0.049
4.090 0.000 0.031
4.100 0.000 0.035
4.110 0.000 0.016
4.120 0.000 0.001
4.130 0.000 0.048
4.140 0.000 0.027
4.150 0.000 0.100
4.160 0.000 0.286
4.170 0.000 0.120
4.180 0.000 0.084
4.190 0.000 0.084
4.200 0.000 0.161
4.210 0.000 0.113
4.220 0.000 0.116
4.230 0.000 0.030
4.240 0.000 0.060
4.250 0.000 0.185
4.260 0.000 0.271
4.270 0.000 0.007
4.280 0.000 0.004
4.290 0.000 0.039
4.300 0.000 0.075
4.310 0.000 0.045
4.320 0.000 0.014
4.330 0.000 0.002
4.340 0.000 0.002
4.350 0.000 0.045
4.360 0.000 0.046
4.370 0.000 0.028
4.380 0.000 0.060
4.390 0.000 0.099
4.400 0.000 0.202
4.410 0.000 0.088
4.420 0.000 0.036
4.430 0.000 0.055
4.440 0.000 0.038
4.450 0.000 0.020
4.460 0.000 0.079
4.470 0.000 0.131
4.480 0.000 0.089
4.490 0.000 0.078
4.500 0.000 0.043
4.510 0.000 0.037
4.520 0.000 0.030
4.530 0.000 0.126
4.540 0.000 0.045
4.550 0.000 0.043
4.560 0.000 0.093
4.570 0.000 0.084
4.580 0.000 0.237
4.590 0.000 0.070
4.600 0.000 0.074
4.610 0.000 0.121
4.620 0.000 0.219
4.630 0.000 0.133
4.640 0.000 0.128
4.650 0.000 0.134
4.660 0.000 0.089
4.670 0.000 0.152
4.680 0.000 0.123
4.690 0.000 0.071
4.700 0.000 0.122
4.710 0.000 0.130
4.720 0.000 0.051
4.730 0.000 0.075
4.740 0.000 0.137
4.750 0.000 0.045
4.760 0.000 0.058
4.770 0.000 0.062
4.780 0.000 0.081
4.790 0.000 0.043
4.800 0.000 0.052
4.810 0.000 0.040
4.820 0.000 0.013
4.830 0.000 0.021
4.840 0.000 0.020
4.850 0.000 0.079
4.860 0.000 0.113
4.870 0.000 0.057
4.880 0.000 0.081
4.890 0.000 0.199
4.900 0.000 0.063
4.910 0.000 0.014
4.920 0.000 0.034
4.930 0.000 0.352
4.940 0.000 0.262
4.950 0.000 0.006
4.960 0.000 0.010
4.970 0.000 0.005
4.980 0.000 0.007
4.990 0.000 0.002
5.000 0.000 0.003
5.010 0.000 0.003
5.020 0.000 0.083
5.030 0.000 0.102
5.040 0.000 0.068
5.050 0.000 0.157
5.060 0.000 0.005
5.070 0.000 0.044
5.080 0.000 0.020
5.090 0.000 0.025
5.100 0.000 0.034
5.110 0.000 0.046
5.120 0.000 0.042
5.130 0.000 0.018
5.140 0.000 0.051
5.150 0.000 0.013
5.160 0.000 0.006
5.170 0.000 0.047
5.180 0.000 0.136
5.190 0.000 0.059
5.200 0.000 0.057
5.210 0.000 0.037
5.220 0.000 0.022
5.230 0.000 0.004
5.240 0.000 0.032
5.250 0.000 0.072
5.260 0.000 0.113
5.270 0.000 0.339
5.280 254.270 0.958
5.290 254.270 0.946
5.300 261.720 0.988
5.310 277.280 0.998
5.320 285.410 0.996
5.330 311.240 0.924
5.340 311.240 0.929
5.350 329.750 0.992
5.360 329.750 0.989
5.370 339.410 0.969
5.380 339.410 0.976
5.390 339.410 0.848
5.400 339.410 0.954
5.410 329.750 0.994
5.420 329.750 0.897
5.430 311.240 0.965
5.440 311.240 0.881
5.450 311.240 0.605
5.460 329.750 0.052
5.470 329.750 0.048
5.480 349.360 0.936
5.490 359.590 0.983
5.500 359.590 0.987
5.510 359.590 0.980
5.520 370.130 0.994
5.530 370.130 0.856
5.540 370.130 0.583
5.550 0.000 0.109
5.560 0.000 0.001
5.570 0.000 0.132
5.580 0.000 0.329
5.590 0.000 0.264
5.600 0.000 0.453
5.610 0.000 0.797
5.620 0.000 0.976
5.630 0.000 0.514
5.640 403.630 0.390
5.650 403.630 0.943
5.660 403.630 0.950
5.670 403.630 0.737
5.680 403.630 0.311
5.690 403.630 0.147
5.700 403.630 0.064
5.710 403.630 0.532
5.720 403.630 0.650
5.730 403.630 0.222
5.740 403.630 0.782
5.750 403.630 0.959
5.760 403.630 0.931
5.770 380.980 0.891
5.780 359.590 0.896
5.790 0.000 0.511
5.800 0.000 0.137
5.810 0.000 0.148
5.820 0.000 0.203
5.830 0.000 0.328
5.840 0.000 0.164
5.850 0.000 0.386
5.860 0.000 0.244
5.870 370.130 0.717
5.880 370.130 0.993
5.890 370.130 0.987
5.900 359.590 0.964
5.910 349.360 0.993
5.920 349.360 0.971
5.930 349.360 0.777
5.940 0.000 0.275
5.950 0.000 0.089
5.960 0.000 0.220
5.970 0.000 0.059
5.980 0.000 0.518
5.990 0.000 0.227
6.000 0.000 0.021
6.010 0.000 0.023
6.020 0.000 0.008
6.030 0.000 0.007
6.040 0.000 0.009
6.050 0.000 0.001
6.060 0.000 0.017
6.070 0.000 0.130
6.080 349.360 0.748
6.090 359.590 0.950
6.100 359.590 0.988
6.110 359.590 0.980
6.120 370.130 0.994
6.130 370.130 0.988
6.140 359.590 0.993
6.150 349.360 0.816
6.160 349.360 0.653
6.170 0.000 0.226
6.180 0.000 0.059
6.190 0.000 0.048
6.200 0.000 0.002
6.210 0.000 0.001
6.220 0.000 0.016
6.230 0.000 0.135
6.240 0.000 0.463
6.250 320.360 0.997
6.260 311.240 0.992
6.270 302.380 0.968
6.280 285.410 0.994
6.290 277.280 0.999
6.300 269.390 0.669
6.310 261.720 0.989
6.320 261.720 0.997
6.330 269.390 0.999
6.340 269.390 0.999
6.350 269.390 0.996
6.360 269.390 0.997
6.370 269.390 0.985
6.380 269.390 0.762
6.390 0.000 0.207
6.400 0.000 0.024
6.410 0.000 0.014
6.420 0.000 0.003
6.430 0.000 0.002
6.440 0.000 0.007
6.450 0.000 0.004
6.460 0.000 0.042
6.470 0.000 0.031
6.480 0.000 0.105
6.490 285.410 0.811
6.500 285.410 0.969
6.510 277.280 0.975
6.520 269.390 0.999
6.530 269.390 0.997
6.540 269.390 0.952
6.550 261.720 0.616
6.560 261.720 0.245
6.570 269.390 0.348
6.580 269.390 0.439
6.590 269.390 0.573
6.600 0.000 0.115
6.610 0.000 0.151
6.620 0.000 0.952
6.630 0.000 0.400
6.640 0.000 0.031
6.650 0.000 0.020
6.660 0.000 0.001
6.670 0.000 0.005
6.680 0.000 0.178
6.690 213.820 0.997
6.700 213.820 0.997
6.710 207.730 0.987
6.720 201.820 0.994
6.730 201.820 0.990
6.740 201.820 0.925
6.750 196.070 0.977
6.760 190.490 0.990
6.770 190.490 0.999
6.780 190.490 0.995
6.790 190.490 0.991
6.800 196.070 0.925
6.810 196.070 0.611
6.820 201.820 0.437
6.830 201.820 0.091
6.840 201.820 0.036
6.850 201.820 0.042
6.860 196.070 0.328
6.870 196.070 0.971
6.880 196.070 0.896
6.890 0.000 0.008
6.900 0.000 0.004
6.910 0.000 0.001
6.920 0.000 0.004
6.930 233.170 0.775
6.940 233.170 0.998
6.950 233.170 0.999
6.960 233.170 0.992
6.970 226.530 0.981
6.980 226.530 0.982
6.990 233.170 0.940
7.000 240.000 0.994
7.010 247.030 0.995
7.020 254.270 0.991
7.030 254.270 0.994
7.040 254.270 0.573
7.050 0.000 0.005
7.060 0.000 0.012
7.070 0.000 0.011
7.080 0.000 0.016
7.090 0.000 0.004
7.100 0.000 0.025
7.110 0.000 0.123
7.120 0.000 0.034
7.130 0.000 0.003
7.140 0.000 0.005
7.150 0.000 0.006
7.160 0.000 0.029
7.170 349.360 0.785
7.180 349.360 0.930
7.190 329.750 0.926
7.200 320.360 0.998
7.210 311.240 0.987
7.220 302.380 0.969
7.230 293.770 0.779
7.240 293.770 0.385
7.250 293.770 0.768
7.260 293.770 0.969
7.270 293.770 0.934
7.280 293.770 0.853
7.290 293.770 0.600
7.300 293.770 0.169
7.310 311.240 0.053
7.320 311.240 0.861
7.330 320.360 0.980
7.340 320.360 0.994
7.350 329.750 0.991
7.360 329.750 0.977
7.370 329.750 0.980
7.380 329.750 0.964
7.390 339.410 0.982
7.400 339.410 0.980
7.410 339.410 0.970
7.420 329.750 0.861
7.430 311.240 0.970
7.440 293.770 0.926
7.450 293.770 0.914
7.460 311.240 0.966
7.470 311.240 0.710
7.480 320.360 0.814
7.490 329.750 0.904
7.500 329.750 0.991
7.510 329.750 0.976
7.520 0.000 0.652
7.530 0.000 0.314
7.540 0.000 0.194
7.550 0.000 0.043
7.560 0.000 0.006
7.570 0.000 0.033
7.580 0.000 0.032
7.590 0.000 0.046
7.600 0.000 0.073
7.610 0.000 0.073
7.620 0.000 0.045
7.630 0.000 0.045
7.640 0.000 0.008
7.650 0.000 0.004
7.660 0.000 0.004
7.670 0.000 0.050
7.680 0.000 0.053
7.690 247.030 0.986
7.700 240.000 0.990
7.710 233.170 0.993
7.720 226.530 0.831
7.730 220.080 0.972
7.740 213.820 0.234
7.750 213.820 0.774
7.760 213.820 0.652
7.770 213.820 0.826
7.780 213.820 0.815
7.790 207.730 0.252
7.800 207.730 0.447
7.810 213.820 0.993
7.820 213.820 0.994
7.830 213.820 0.996
7.840 213.820 0.948
7.850 213.820 0.996
7.860 213.820 0.998
7.870 213.820 0.999
7.880 213.820 0.998
7.890 207.730 0.997
7.900 190.490 0.986
7.910 190.490 0.996
7.920 190.490 0.988
7.930 196.070 0.829
7.940 201.820 0.783
7.950 201.820 0.968
7.960 201.820 0.994
7.970 201.820 0.568
7.980 201.820 0.686
7.990 201.820 0.873
8.000 196.070 0.906
8.010 196.070 0.989
8.020 196.070 0.993
8.030 190.490 0.998
8.040 190.490 0.998
8.050 190.490 0.998
8.060 196.070 1.000
8.070 196.070 0.995
8.080 196.070 0.844
8.090 196.070 0.672
8.100 0.000 0.179
8.110 0.000 0.028
8.120 0.000 0.019
8.130 0.000 0.004
8.140 0.000 0.006
8.150 0.000 0.537
8.160 240.000 0.458
8.170 240.000 0.984
8.180 233.170 0.949
8.190 233.170 0.998
8.200 226.530 0.992
8.210 226.530 0.997
8.220 226.530 1.000
8.230 226.530 1.000
8.240 226.530 0.999
8.250 226.530 0.948
8.260 0.000 0.205
8.270 0.000 0.412
8.280 0.000 0.254
8.290 0.000 0.682
8.300 0.000 0.642
8.310 0.000 0.427
8.320 0.000 0.020
8.330 0.000 0.010
8.340 0.000 0.056
8.350 0.000 0.245
8.360 0.000 0.009
8.370 0.000 0.011
8.380 0.000 0.024
8.390 0.000 0.017
8.400 0.000 0.011
8.410 0.000 0.008
8.420 0.000 0.006
8.430 0.000 0.007
8.440 0.000 0.049
8.450 0.000 0.028
8.460 0.000 0.002
8.470 0.000 0.008
8.480 0.000 0.099
8.490 302.380 0.450
8.500 302.380 0.985
8.510 293.770 0.987
8.520 293.770 0.958
8.530 293.770 0.965
8.540 293.770 0.974
8.550 293.770 0.972
8.560 293.770 0.982
8.570 293.770 0.977
8.580 293.770 0.862
8.590 293.770 0.959
8.600 293.770 0.547
8.610 285.410 0.864
8.620 0.000 0.085
8.630 0.000 0.023
8.640 0.000 0.426
8.650 0.000 0.392
8.660 0.000 0.299
8.670 0.000 0.224
8.680 0.000 0.080
8.690 0.000 0.003
8.700 0.000 0.005
8.710 0.000 0.170
8.720 240.000 0.815
8.730 240.000 0.995
8.740 233.170 0.996
8.750 233.170 0.982
8.760 226.530 0.742
8.770 220.080 0.787
8.780 196.070 0.234
8.790 196.070 0.514
8.800 201.820 0.720
8.810 201.820 0.957
8.820 201.820 0.993
8.830 190.490 0.995
8.840 190.490 0.996
8.850 190.490 0.997
8.860 190.490 0.998
8.870 190.490 0.998
8.880 196.070 0.984
8.890 196.070 0.997
8.900 196.070 0.998
8.910 207.730 0.960
8.920 207.730 0.756
8.930 213.820 0.488
8.940 213.820 0.767
8.950 201.820 0.407
8.960 196.070 0.701
8.970 196.070 0.858
8.980 207.730 0.990
8.990 207.730 0.990
9.000 207.730 0.988
9.010 213.820 0.993
9.020 213.820 0.999
9.030 213.820 0.999
9.040 213.820 0.992
9.050 0.000 0.203
9.060 0.000 0.118
9.070 0.000 0.662
9.080 0.000 0.081
9.090 0.000 0.026
9.100 0.000 0.082
9.110 0.000 0.054
9.120 0.000 0.681
9.130 0.000 0.447
9.140 0.000 0.876
9.150 0.000 0.753
9.160 0.000 0.976
9.170 0.000 0.610
9.180 0.000 0.766
9.190 0.000 0.645
9.200 0.000 0.775
9.210 0.000 0.322
9.220 0.000 0.053
9.230 0.000 0.887
9.240 0.000 0.069
9.250 0.000 0.023
9.260 0.000 0.094
9.270 0.000 0.380
9.280 0.000 0.384
9.290 0.000 0.101
9.300 0.000 0.061
9.310 0.000 0.175
9.320 0.000 0.022
9.330 0.000 0.015
9.340 0.000 0.018
9.350 0.000 0.007
9.360 0.000 0.003
9.370 0.000 0.017
9.380 0.000 0.013
9.390 0.000 0.020
9.400 0.000 0.080
9.410 0.000 0.029
9.420 0.000 0.054
9.430 0.000 0.020
9.440 0.000 0.021
9.450 0.000 0.023
9.460 0.000 0.031
9.470 0.000 0.081
9.480 0.000 0.023
9.490 0.000 0.014
9.500 0.000 0.003
9.510 0.000 0.008
9.520 0.000 0.020
9.530 0.000 0.006
9.540 0.000 0.008
9.550 0.000 0.033
9.560 0.000 0.007
9.570 0.000 0.031
9.580 0.000 0.020
9.590 0.000 0.015
9.600 0.000 0.017
9.610 0.000 0.189
9.620 0.000 0.096
9.630 0.000 0.146
9.640 0.000 0.047
9.650 0.000 0.054
9.660 0.000 0.019
9.670 0.000 0.006
9.680 0.000 0.045
9.690 0.000 0.128
9.700 0.000 0.098
9.710 0.000 0.108
9.720 0.000 0.079
9.730 0.000 0.062
9.740 0.000 0.134
9.750 0.000 0.050
9.760 0.000 0.053
9.770 0.000 0.026
9.780 0.000 0.036
9.790 0.000 0.052
9.800 0.000 0.144
9.810 0.000 0.300
9.820 0.000 0.103
9.830 0.000 0.036
9.840 0.000 0.045
9.850 0.000 0.028
9.860 0.000 0.019
9.870 0.000 0.035
9.880 0.000 0.044
9.890 0.000 0.028
9.900 0.000 0.017
9.910 0.000 0.001
9.920 0.000 0.075
9.930 0.000 0.195
9.940 349.360 0.849
9.950 349.360 0.918
9.960 349.360 0.963
9.970 349.360 0.680
