0.000000 226.530000 0.150175
0.010000 226.530000 0.768575
0.020000 233.170000 0.765379
0.030000 240.000000 0.998216
0.040000 240.000000 0.993820
0.050000 254.270000 0.997943
0.060000 254.270000 0.999004
0.070000 261.720000 0.993471
0.080000 269.390000 0.998984
0.090000 277.280000 0.996701
0.100000 285.410000 0.992000
0.110000 285.410000 0.999122
0.120000 285.410000 0.863611
0.130000 320.360000 0.674094
0.140000 320.360000 0.240562
0.150000 320.360000 0.160539
0.160000 329.750000 0.438200
0.170000 329.750000 0.660849
0.180000 329.750000 0.945440
0.190000 329.750000 0.994234
0.200000 329.750000 0.999321
0.210000 339.410000 0.997809
0.220000 349.360000 0.996655
0.230000 349.360000 0.998072
0.240000 349.360000 0.986032
0.250000 339.410000 0.899372
0.260000 0.000000 0.339328
0.270000 0.000000 0.188436
0.280000 0.000000 0.764379
0.290000 0.000000 0.419711
0.300000 0.000000 0.218370
0.310000 0.000000 0.520713
0.320000 0.000000 0.031420
0.330000 0.000000 0.021999
0.340000 0.000000 0.021293
0.350000 0.000000 0.024781
0.360000 0.000000 0.091645
0.370000 0.000000 0.018934
0.380000 0.000000 0.046447
0.390000 0.000000 0.028798
0.400000 0.000000 0.018450
0.410000 0.000000 0.020971
0.420000 0.000000 0.004001
0.430000 0.000000 0.023121
0.440000 0.000000 0.305633
0.450000 0.000000 0.051518
0.460000 0.000000 0.077052
0.470000 0.000000 0.239149
0.480000 0.000000 0.506018
0.490000 0.000000 0.203770
0.500000 0.000000 0.079360
0.510000 0.000000 0.019029
0.520000 0.000000 0.014955
0.530000 0.000000 0.031963
0.540000 0.000000 0.022313
0.550000 0.000000 0.010921
0.560000 0.000000 0.004916
0.570000 0.000000 0.019641
0.580000 0.000000 0.000921
0.590000 0.000000 0.007154
0.600000 0.000000 0.099383
0.610000 0.000000 0.331423
0.620000 0.000000 0.266058
0.630000 0.000000 0.449619
0.640000 0.000000 0.091012
0.650000 0.000000 0.063926
0.660000 0.000000 0.159688
0.670000 0.000000 0.202103
0.680000 0.000000 0.095640
0.690000 0.000000 0.039124
0.700000 0.000000 0.025773
0.710000 0.000000 0.012935
0.720000 0.000000 0.014573
0.730000 0.000000 0.152211
0.740000 0.000000 0.055544
0.750000 0.000000 0.029877
0.760000 0.000000 0.045356
0.770000 0.000000 0.031497
0.780000 0.000000 0.025000
0.790000 0.000000 0.019715
0.800000 0.000000 0.036176
0.810000 0.000000 0.019529
0.820000 0.000000 0.004441
0.830000 0.000000 0.036176
0.840000 0.000000 0.082619
0.850000 0.000000 0.041870
0.860000 0.000000 0.204575
0.870000 0.000000 0.045732
0.880000 0.000000 0.009871
0.890000 0.000000 0.037153
0.900000 0.000000 0.057852
0.910000 0.000000 0.025003
0.920000 0.000000 0.006815
0.930000 0.000000 0.009661
0.940000 0.000000 0.108854
0.950000 0.000000 0.065319
0.960000 0.000000 0.098734
0.970000 0.000000 0.020834
0.980000 0.000000 0.034253
0.990000 0.000000 0.001801
1.000000 0.000000 0.009273
1.010000 0.000000 0.004853
1.020000 0.000000 0.007109
1.030000 0.000000 0.048984
1.040000 0.000000 0.301066
1.050000 0.000000 0.192026
1.060000 0.000000 0.609686
1.070000 0.000000 0.073042
1.080000 0.000000 0.072214
1.090000 0.000000 0.268487
1.100000 0.000000 0.017188
1.110000 0.000000 0.002973
1.120000 0.000000 0.000940
1.130000 0.000000 0.076537
1.140000 0.000000 0.389779
1.150000 0.000000 0.018099
1.160000 0.000000 0.041357
1.170000 0.000000 0.014452
1.180000 0.000000 0.175001
1.190000 0.000000 0.052737
1.200000 0.000000 0.017420
1.210000 0.000000 0.021427
1.220000 0.000000 0.112479
1.230000 0.000000 0.280511
1.240000 0.000000 0.016867
1.250000 0.000000 0.019879
1.260000 0.000000 0.040814
1.270000 0.000000 0.146755
1.280000 0.000000 0.041308
1.290000 0.000000 0.052129
1.300000 0.000000 0.006646
1.310000 0.000000 0.022633
1.320000 0.000000 0.013959
1.330000 0.000000 0.024663
1.340000 0.000000 0.033700
1.350000 0.000000 0.035305
1.360000 0.000000 0.049967
1.370000 0.000000 0.065733
1.380000 0.000000 0.073310
1.390000 0.000000 0.062660
1.400000 0.000000 0.015249
1.410000 0.000000 0.035358
1.420000 0.000000 0.029450
1.430000 0.000000 0.058858
1.440000 0.000000 0.024795
1.450000 0.000000 0.003954
1.460000 0.000000 0.021346
1.470000 0.000000 0.021540
1.480000 0.000000 0.040263
1.490000 0.000000 0.057315
1.500000 0.000000 0.076436
1.510000 0.000000 0.140226
1.520000 0.000000 0.045116
1.530000 0.000000 0.080273
1.540000 0.000000 0.003799
1.550000 0.000000 0.004343
1.560000 0.000000 0.005090
1.570000 0.000000 0.013347
1.580000 0.000000 0.025803
1.590000 0.000000 0.006473
1.600000 0.000000 0.012995
1.610000 0.000000 0.010907
1.620000 0.000000 0.037817
1.630000 0.000000 0.024653
1.640000 0.000000 0.015657
1.650000 0.000000 0.036003
1.660000 0.000000 0.058562
1.670000 0.000000 0.045900
1.680000 0.000000 0.032077
1.690000 0.000000 0.021713
1.700000 0.000000 0.031883
1.710000 0.000000 0.023008
1.720000 0.000000 0.040557
1.730000 0.000000 0.039243
1.740000 0.000000 0.099663
1.750000 0.000000 0.067631
1.760000 0.000000 0.162534
1.770000 0.000000 0.154907
1.780000 0.000000 0.099769
1.790000 0.000000 0.106237
1.800000 0.000000 0.067708
1.810000 0.000000 0.138004
1.820000 0.000000 0.066260
1.830000 0.000000 0.040190
1.840000 0.000000 0.064847
1.850000 0.000000 0.055997
1.860000 0.000000 0.066289
1.870000 0.000000 0.046419
1.880000 0.000000 0.074213
1.890000 0.000000 0.067785
1.900000 0.000000 0.048323
1.910000 0.000000 0.057841
1.920000 0.000000 0.059283
1.930000 0.000000 0.047600
1.940000 0.000000 0.058291
1.950000 0.000000 0.068009
1.960000 0.000000 0.024248
1.970000 0.000000 0.031935
1.980000 0.000000 0.025021
1.990000 0.000000 0.018215
2.000000 0.000000 0.233775
2.010000 0.000000 0.233847
2.020000 0.000000 0.204479
2.030000 0.000000 0.115341
2.040000 0.000000 0.122959
2.050000 0.000000 0.139276
2.060000 0.000000 0.216698
2.070000 0.000000 0.039596
2.080000 0.000000 0.014704
2.090000 0.000000 0.060178
2.100000 0.000000 0.082748
2.110000 0.000000 0.087556
2.120000 0.000000 0.046485
2.130000 0.000000 0.072368
2.140000 0.000000 0.056508
2.150000 0.000000 0.092498
2.160000 0.000000 0.161947
2.170000 0.000000 0.148565
2.180000 0.000000 0.045406
2.190000 0.000000 0.087183
2.200000 0.000000 0.135067
2.210000 0.000000 0.053507
2.220000 0.000000 0.173188
2.230000 0.000000 0.229479
2.240000 0.000000 0.092067
2.250000 0.000000 0.065607
2.260000 0.000000 0.086350
2.270000 0.000000 0.070094
2.280000 0.000000 0.043918
2.290000 0.000000 0.060704
2.300000 0.000000 0.146228
2.310000 0.000000 0.135734
2.320000 0.000000 0.178589
2.330000 0.000000 0.136169
2.340000 0.000000 0.489510
2.350000 0.000000 0.017833
2.360000 0.000000 0.015254
2.370000 0.000000 0.144040
2.380000 0.000000 0.024561
2.390000 0.000000 0.039407
2.400000 0.000000 0.090949
2.410000 0.000000 0.168944
2.420000 0.000000 0.313286
2.430000 0.000000 0.217713
2.440000 0.000000 0.194004
2.450000 0.000000 0.045450
2.460000 0.000000 0.020079
2.470000 0.000000 0.083065
2.480000 0.000000 0.020609
2.490000 0.000000 0.060327
2.500000 0.000000 0.085802
2.510000 0.000000 0.042035
2.520000 0.000000 0.032973
2.530000 0.000000 0.041958
2.540000 0.000000 0.034767
2.550000 0.000000 0.030718
2.560000 0.000000 0.044289
2.570000 0.000000 0.066434
2.580000 0.000000 0.033607
2.590000 0.000000 0.086780
2.600000 0.000000 0.020951
2.610000 0.000000 0.020764
2.620000 0.000000 0.010381
2.630000 0.000000 0.006783
2.640000 0.000000 0.009168
2.650000 0.000000 0.064718
2.660000 0.000000 0.017930
2.670000 0.000000 0.045331
2.680000 0.000000 0.026940
2.690000 0.000000 0.077130
2.700000 0.000000 0.097404
2.710000 0.000000 0.037158
2.720000 0.000000 0.014653
2.730000 0.000000 0.012268
2.740000 0.000000 0.016504
2.750000 0.000000 0.066395
2.760000 0.000000 0.079865
2.770000 0.000000 0.139097
2.780000 0.000000 0.137354
2.790000 0.000000 0.221214
2.800000 0.000000 0.065086
2.810000 0.000000 0.008376
2.820000 0.000000 0.050282
2.830000 0.000000 0.022923
2.840000 0.000000 0.029339
2.850000 0.000000 0.120306
2.860000 0.000000 0.191898
2.870000 0.000000 0.084338
2.880000 0.000000 0.127856
2.890000 0.000000 0.082195
2.900000 0.000000 0.113699
2.910000 0.000000 0.141692
2.920000 0.000000 0.186357
2.930000 0.000000 0.142527
2.940000 0.000000 0.203346
2.950000 0.000000 0.184514
2.960000 0.000000 0.048607
2.970000 0.000000 0.015759
2.980000 0.000000 0.035502
2.990000 0.000000 0.132094
3.000000 0.000000 0.046711
3.010000 0.000000 0.047288
3.020000 0.000000 0.056316
3.030000 0.000000 0.047734
3.040000 0.000000 0.119338
3.050000 0.000000 0.112145
3.060000 0.000000 0.112748
3.070000 0.000000 0.228002
3.080000 0.000000 0.100268
3.090000 0.000000 0.093045
3.100000 0.000000 0.097265
3.110000 0.000000 0.062447
3.120000 0.000000 0.092664
3.130000 0.000000 0.061720
3.140000 0.000000 0.031059
3.150000 0.000000 0.038943
3.160000 0.000000 0.075605
3.170000 0.000000 0.090303
3.180000 0.000000 0.096076
3.190000 0.000000 0.014369
3.200000 0.000000 0.012368
3.210000 0.000000 0.064084
3.220000 0.000000 0.033671
3.230000 0.000000 0.042104
3.240000 0.000000 0.055808
3.250000 0.000000 0.042954
3.260000 0.000000 0.073634
3.270000 0.000000 0.144188
3.280000 0.000000 0.068403
3.290000 0.000000 0.036762
3.300000 0.000000 0.005418
3.310000 0.000000 0.046159
3.320000 0.000000 0.064247
3.330000 0.000000 0.042472
3.340000 0.000000 0.136922
3.350000 0.000000 0.133662
3.360000 0.000000 0.123317
3.370000 0.000000 0.025725
3.380000 0.000000 0.046905
3.390000 0.000000 0.005122
3.400000 0.000000 0.023978
3.410000 0.000000 0.031609
3.420000 0.000000 0.015182
3.430000 0.000000 0.012941
3.440000 0.000000 0.052576
3.450000 0.000000 0.109597
3.460000 0.000000 0.014455
3.470000 0.000000 0.078036
3.480000 0.000000 0.502226
3.490000 0.000000 0.131003
3.500000 0.000000 0.058592
3.510000 0.000000 0.009211
3.520000 0.000000 0.028807
3.530000 0.000000 0.052124
3.540000 0.000000 0.065551
3.550000 0.000000 0.006587
3.560000 0.000000 0.041726
3.570000 0.000000 0.062149
3.580000 0.000000 0.028326
3.590000 0.000000 0.047579
3.600000 0.000000 0.117303
3.610000 0.000000 0.114493
3.620000 0.000000 0.040014
3.630000 0.000000 0.159480
3.640000 0.000000 0.066469
3.650000 0.000000 0.037655
3.660000 0.000000 0.048097
3.670000 0.000000 0.039064
3.680000 0.000000 0.072192
3.690000 0.000000 0.096446
3.700000 0.000000 0.107665
3.710000 0.000000 0.058012
3.720000 0.000000 0.036494
3.730000 0.000000 0.121190
3.740000 0.000000 0.074436
3.750000 0.000000 0.053309
3.760000 0.000000 0.048987
3.770000 0.000000 0.070418
3.780000 0.000000 0.085764
3.790000 0.000000 0.061657
3.800000 0.000000 0.046883
3.810000 0.000000 0.057965
3.820000 0.000000 0.034526
3.830000 0.000000 0.033851
3.840000 0.000000 0.071411
3.850000 0.000000 0.037839
3.860000 0.000000 0.121895
3.870000 0.000000 0.065490
3.880000 0.000000 0.127215
3.890000 0.000000 0.030689
3.900000 0.000000 0.067693
3.910000 0.000000 0.116399
3.920000 0.000000 0.056772
3.930000 0.000000 0.047265
3.940000 0.000000 0.066903
3.950000 0.000000 0.125787
3.960000 0.000000 0.093949
3.970000 0.000000 0.051252
3.980000 0.000000 0.095917
3.990000 0.000000 0.077213
4.000000 0.000000 0.277224
4.010000 0.000000 0.073421
4.020000 0.000000 0.143658
4.030000 0.000000 0.069516
4.040000 0.000000 0.139246
4.050000 0.000000 0.339859
4.060000 0.000000 0.111580
4.070000 0.000000 0.040904
4.080000 0.000000 0.038065
4.090000 0.000000 0.012280
4.100000 0.000000 0.014298
4.110000 0.000000 0.060598
4.120000 0.000000 0.090832
4.130000 0.000000 0.074817
4.140000 0.000000 0.025097
4.150000 0.000000 0.060190
4.160000 0.000000 0.069490
4.170000 0.000000 0.056956
4.180000 0.000000 0.036920
4.190000 0.000000 0.090188
4.200000 0.000000 0.081170
4.210000 0.000000 0.138074
4.220000 0.000000 0.093954
4.230000 0.000000 0.044893
4.240000 0.000000 0.077355
4.250000 0.000000 0.076372
4.260000 0.000000 0.069172
4.270000 0.000000 0.053261
4.280000 0.000000 0.078818
4.290000 0.000000 0.199227
4.300000 0.000000 0.065871
4.310000 0.000000 0.023862
4.320000 0.000000 0.023057
4.330000 0.000000 0.012786
4.340000 0.000000 0.017977
4.350000 0.000000 0.066553
4.360000 0.000000 0.028509
4.370000 0.000000 0.008298
4.380000 0.000000 0.035362
4.390000 0.000000 0.046020
4.400000 0.000000 0.031767
4.410000 0.000000 0.041510
4.420000 0.000000 0.078082
4.430000 0.000000 0.161327
4.440000 0.000000 0.182750
4.450000 0.000000 0.037309
4.460000 0.000000 0.112018
4.470000 0.000000 0.082944
4.480000 0.000000 0.082790
4.490000 0.000000 0.086956
4.500000 0.000000 0.094201
4.510000 0.000000 0.249958
4.520000 0.000000 0.440771
4.530000 0.000000 0.204350
4.540000 0.000000 0.039073
4.550000 0.000000 0.023892
4.560000 0.000000 0.104463
4.570000 0.000000 0.095584
4.580000 0.000000 0.071282
4.590000 0.000000 0.055636
4.600000 0.000000 0.079393
4.610000 0.000000 0.147371
4.620000 0.000000 0.296013
4.630000 0.000000 0.131043
4.640000 0.000000 0.138166
4.650000 0.000000 0.082183
4.660000 0.000000 0.115773
4.670000 0.000000 0.179305
4.680000 0.000000 0.116618
4.690000 0.000000 0.070392
4.700000 0.000000 0.113372
4.710000 0.000000 0.132182
4.720000 0.000000 0.054466
4.730000 0.000000 0.078150
4.740000 0.000000 0.131053
4.750000 0.000000 0.038152
4.760000 0.000000 0.058172
4.770000 0.000000 0.060597
4.780000 0.000000 0.060968
4.790000 0.000000 0.043185
4.800000 0.000000 0.053023
4.810000 0.000000 0.037820
4.820000 0.000000 0.010506
4.830000 0.000000 0.019349
4.840000 0.000000 0.022725
4.850000 0.000000 0.084848
4.860000 0.000000 0.083055
4.870000 0.000000 0.049133
4.880000 0.000000 0.066753
4.890000 0.000000 0.184565
4.900000 0.000000 0.059915
4.910000 0.000000 0.010751
4.920000 0.000000 0.032640
4.930000 0.000000 0.339096
4.940000 0.000000 0.293428
4.950000 0.000000 0.006007
4.960000 0.000000 0.013633
4.970000 0.000000 0.006578
4.980000 0.000000 0.006814
4.990000 0.000000 0.001542
5.000000 0.000000 0.002840
5.010000 0.000000 0.003266
5.020000 0.000000 0.081277
5.030000 0.000000 0.111679
5.040000 0.000000 0.069796
5.050000 0.000000 0.160553
5.060000 0.000000 0.005610
5.070000 0.000000 0.046485
5.080000 0.000000 0.018582
5.090000 0.000000 0.023276
5.100000 0.000000 0.030081
5.110000 0.000000 0.044096
5.120000 0.000000 0.043408
5.130000 0.000000 0.021784
5.140000 0.000000 0.044366
5.150000 0.000000 0.013344
5.160000 0.000000 0.005307
5.170000 0.000000 0.042953
5.180000 0.000000 0.151468
5.190000 0.000000 0.046315
5.200000 0.000000 0.061225
5.210000 0.000000 0.034178
5.220000 0.000000 0.024603
5.230000 0.000000 0.002841
5.240000 0.000000 0.031825
5.250000 0.000000 0.071261
5.260000 0.000000 0.112589
5.270000 0.000000 0.339257
5.280000 254.270000 0.957901
5.290000 254.270000 0.946701
5.300000 261.720000 0.987859
5.310000 277.280000 0.998074
5.320000 285.410000 0.996035
5.330000 311.240000 0.923026
5.340000 311.240000 0.928401
5.350000 329.750000 0.992513
5.360000 329.750000 0.989383
5.370000 339.410000 0.968751
5.380000 339.410000 0.976004
5.390000 339.410000 0.846067
5.400000 339.410000 0.955278
5.410000 329.750000 0.994420
5.420000 329.750000 0.894745
5.430000 311.240000 0.965820
5.440000 311.240000 0.871175
5.450000 311.240000 0.592390
5.460000 329.750000 0.052232
5.470000 329.750000 0.047681
5.480000 349.360000 0.935930
5.490000 359.590000 0.982897
5.500000 359.590000 0.986825
5.510000 359.590000 0.979128
5.520000 370.130000 0.993712
5.530000 370.130000 0.854994
5.540000 370.130000 0.587538
5.550000 0.000000 0.111385
5.560000 0.000000 0.001373
5.570000 0.000000 0.132703
5.580000 0.000000 0.332443
5.590000 0.000000 0.263659
5.600000 0.000000 0.454980
5.610000 0.000000 0.797196
5.620000 0.000000 0.975720
5.630000 0.000000 0.513826
5.640000 403.630000 0.390019
5.650000 403.630000 0.942921
5.660000 403.630000 0.950154
5.670000 403.630000 0.739306
5.680000 403.630000 0.313698
5.690000 403.630000 0.147582
5.700000 403.630000 0.063947
5.710000 403.630000 0.529030
5.720000 403.630000 0.650888
5.730000 403.630000 0.222115
5.740000 403.630000 0.781076
5.750000 403.630000 0.958391
5.760000 403.630000 0.928847
5.770000 380.980000 0.889093
5.780000 359.590000 0.892224
5.790000 0.000000 0.507324
5.800000 0.000000 0.135085
5.810000 0.000000 0.145386
5.820000 0.000000 0.195259
5.830000 0.000000 0.324240
5.840000 0.000000 0.163113
5.850000 0.000000 0.382013
5.860000 0.000000 0.244167
5.870000 370.130000 0.714877
5.880000 370.130000 0.992707
5.890000 370.130000 0.986604
5.900000 359.590000 0.963707
5.910000 349.360000 0.993091
5.920000 349.360000 0.971487
5.930000 349.360000 0.777583
5.940000 0.000000 0.277798
5.950000 0.000000 0.088394
5.960000 0.000000 0.203762
5.970000 0.000000 0.056230
5.980000 0.000000 0.445278
5.990000 0.000000 0.197985
6.000000 0.000000 0.020270
6.010000 0.000000 0.023238
6.020000 0.000000 0.008560
6.030000 0.000000 0.005538
6.040000 0.000000 0.007817
6.050000 0.000000 0.000866
6.060000 0.000000 0.015642
6.070000 0.000000 0.130037
6.080000 349.360000 0.749642
6.090000 359.590000 0.950013
6.100000 359.590000 0.987345
6.110000 359.590000 0.979132
6.120000 370.130000 0.994323
6.130000 370.130000 0.987186
6.140000 359.590000 0.992664
6.150000 349.360000 0.774651
6.160000 0.000000 0.638318
6.170000 0.000000 0.241754
6.180000 0.000000 0.056441
6.190000 0.000000 0.048352
6.200000 0.000000 0.002419
6.210000 0.000000 0.000731
6.220000 0.000000 0.016921
6.230000 0.000000 0.130830
6.240000 0.000000 0.461777
6.250000 320.360000 0.997343
6.260000 311.240000 0.991551
6.270000 302.380000 0.967708
6.280000 285.410000 0.993632
6.290000 277.280000 0.998660
6.300000 269.390000 0.665121
6.310000 261.720000 0.989024
6.320000 261.720000 0.997560
6.330000 269.390000 0.998810
6.340000 269.390000 0.999075
6.350000 269.390000 0.996006
6.360000 269.390000 0.996977
6.370000 269.390000 0.984660
6.380000 269.390000 0.760972
6.390000 0.000000 0.215720
6.400000 0.000000 0.025671
6.410000 0.000000 0.015074
6.420000 0.000000 0.003351
6.430000 0.000000 0.002913
6.440000 0.000000 0.007912
6.450000 0.000000 0.003826
6.460000 0.000000 0.039972
6.470000 0.000000 0.033611
6.480000 0.000000 0.105641
6.490000 285.410000 0.816115
6.500000 285.410000 0.970077
6.510000 277.280000 0.974558
6.520000 269.390000 0.999394
6.530000 269.390000 0.997176
6.540000 269.390000 0.952730
6.550000 261.720000 0.614682
6.560000 261.720000 0.253313
6.570000 269.390000 0.373809
6.580000 269.390000 0.450709
6.590000 269.390000 0.590833
6.600000 0.000000 0.083931
6.610000 0.000000 0.175303
6.620000 0.000000 0.724845
6.630000 0.000000 0.388698
6.640000 0.000000 0.028386
6.650000 0.000000 0.013295
6.660000 0.000000 0.001279
6.670000 0.000000 0.005295
6.680000 0.000000 0.180129
6.690000 213.820000 0.997298
6.700000 213.820000 0.997060
6.710000 207.730000 0.987058
6.720000 201.820000 0.994221
6.730000 201.820000 0.989687
6.740000 201.820000 0.924633
6.750000 196.070000 0.976917
6.760000 190.490000 0.989908
6.770000 190.490000 0.999383
6.780000 190.490000 0.994641
6.790000 190.490000 0.990753
6.800000 196.070000 0.925648
6.810000 196.070000 0.610291
6.820000 201.820000 0.428111
6.830000 201.820000 0.090935
6.840000 201.820000 0.034981
6.850000 201.820000 0.041577
6.860000 196.070000 0.331471
6.870000 196.070000 0.976845
6.880000 196.070000 0.915556
6.890000 0.000000 0.008555
6.900000 0.000000 0.004078
6.910000 0.000000 0.000714
6.920000 0.000000 0.004403
6.930000 233.170000 0.774622
6.940000 233.170000 0.998246
6.950000 233.170000 0.999197
6.960000 233.170000 0.991741
6.970000 226.530000 0.981723
6.980000 226.530000 0.982926
6.990000 233.170000 0.961942
7.000000 240.000000 0.994083
7.010000 247.030000 0.995102
7.020000 254.270000 0.991042
7.030000 254.270000 0.994342
7.040000 254.270000 0.569771
7.050000 0.000000 0.005426
7.060000 0.000000 0.012587
7.070000 0.000000 0.009436
7.080000 0.000000 0.014232
7.090000 0.000000 0.004323
7.100000 0.000000 0.024134
7.110000 0.000000 0.135186
7.120000 0.000000 0.035049
7.130000 0.000000 0.002879
7.140000 0.000000 0.005138
7.150000 0.000000 0.006339
7.160000 0.000000 0.028718
7.170000 349.360000 0.784087
7.180000 349.360000 0.929292
7.190000 329.750000 0.926644
7.200000 320.360000 0.997871
7.210000 311.240000 0.986833
7.220000 302.380000 0.970380
7.230000 293.770000 0.785099
7.240000 293.770000 0.382588
7.250000 293.770000 0.768881
7.260000 293.770000 0.966818
7.270000 293.770000 0.931128
7.280000 293.770000 0.847118
7.290000 293.770000 0.593984
7.300000 293.770000 0.168501
7.310000 311.240000 0.052907
7.320000 311.240000 0.861493
7.330000 320.360000 0.980332
7.340000 320.360000 0.993951
7.350000 329.750000 0.991104
7.360000 329.750000 0.976929
7.370000 329.750000 0.979878
7.380000 329.750000 0.963882
7.390000 339.410000 0.981965
7.400000 339.410000 0.980233
7.410000 339.410000 0.970535
7.420000 329.750000 0.858665
7.430000 311.240000 0.968312
7.440000 293.770000 0.925152
7.450000 293.770000 0.914041
7.460000 311.240000 0.967309
7.470000 311.240000 0.709264
7.480000 320.360000 0.815846
7.490000 329.750000 0.907585
7.500000 329.750000 0.990940
7.510000 329.750000 0.975927
7.520000 0.000000 0.653155
7.530000 0.000000 0.318024
7.540000 0.000000 0.188699
7.550000 0.000000 0.040501
7.560000 0.000000 0.005945
7.570000 0.000000 0.032407
7.580000 0.000000 0.034926
7.590000 0.000000 0.047742
7.600000 0.000000 0.073986
7.610000 0.000000 0.068579
7.620000 0.000000 0.046826
7.630000 0.000000 0.077271
7.640000 0.000000 0.014588
7.650000 0.000000 0.004193
7.660000 0.000000 0.003089
7.670000 0.000000 0.047615
7.680000 0.000000 0.054053
7.690000 247.030000 0.985662
7.700000 240.000000 0.989707
7.710000 233.170000 0.993075
7.720000 226.530000 0.830820
7.730000 220.080000 0.972258
7.740000 213.820000 0.235966
7.750000 213.820000 0.772842
7.760000 213.820000 0.645822
7.770000 213.820000 0.831254
7.780000 213.820000 0.824887
7.790000 207.730000 0.260870
7.800000 207.730000 0.450593
7.810000 213.820000 0.992937
7.820000 213.820000 0.994124
7.830000 213.820000 0.995983
7.840000 213.820000 0.948158
7.850000 213.820000 0.995887
7.860000 213.820000 0.998336
7.870000 213.820000 0.999305
7.880000 213.820000 0.998413
7.890000 207.730000 0.997122
7.900000 190.490000 0.986335
7.910000 190.490000 0.995783
7.920000 190.490000 0.988455
7.930000 196.070000 0.830459
7.940000 201.820000 0.780408
7.950000 201.820000 0.968621
7.960000 201.820000 0.994264
7.970000 201.820000 0.580085
7.980000 201.820000 0.716200
7.990000 196.070000 0.935806
8.000000 196.070000 0.910754
8.010000 196.070000 0.990613
8.020000 196.070000 0.992035
8.030000 190.490000 0.997659
8.040000 190.490000 0.997946
8.050000 190.490000 0.997382
8.060000 196.070000 0.999711
8.070000 196.070000 0.994738
8.080000 196.070000 0.853716
8.090000 196.070000 0.707591
8.100000 0.000000 0.199993
8.110000 0.000000 0.026898
8.120000 0.000000 0.017476
8.130000 0.000000 0.003391
8.140000 0.000000 0.007227
8.150000 0.000000 0.534566
8.160000 240.000000 0.450658
8.170000 240.000000 0.984417
8.180000 233.170000 0.949504
8.190000 233.170000 0.997722
8.200000 226.530000 0.991574
8.210000 226.530000 0.997469
8.220000 226.530000 0.999618
8.230000 226.530000 0.999781
8.240000 226.530000 0.999442
8.250000 226.530000 0.943731
8.260000 0.000000 0.201544
8.270000 0.000000 0.418199
8.280000 0.000000 0.247503
8.290000 0.000000 0.722840
8.300000 0.000000 0.658933
8.310000 0.000000 0.417071
8.320000 0.000000 0.022136
8.330000 0.000000 0.010814
8.340000 0.000000 0.063654
8.350000 0.000000 0.229175
8.360000 0.000000 0.006210
8.370000 0.000000 0.012722
8.380000 0.000000 0.021068
8.390000 0.000000 0.017524
8.400000 0.000000 0.010258
8.410000 0.000000 0.007671
8.420000 0.000000 0.005425
8.430000 0.000000 0.006283
8.440000 0.000000 0.044993
8.450000 0.000000 0.027016
8.460000 0.000000 0.001485
8.470000 0.000000 0.006995
8.480000 0.000000 0.097086
8.490000 302.380000 0.447785
8.500000 302.380000 0.984779
8.510000 293.770000 0.987342
8.520000 293.770000 0.958004
8.530000 293.770000 0.965158
8.540000 293.770000 0.973249
8.550000 293.770000 0.971765
8.560000 293.770000 0.982168
8.570000 293.770000 0.976709
8.580000 293.770000 0.861886
8.590000 293.770000 0.959453
8.600000 293.770000 0.546392
8.610000 285.410000 0.867269
8.620000 0.000000 0.091745
8.630000 0.000000 0.022614
8.640000 0.000000 0.467097
8.650000 0.000000 0.432311
8.660000 0.000000 0.339311
8.670000 0.000000 0.259988
8.680000 0.000000 0.084779
8.690000 0.000000 0.003330
8.700000 0.000000 0.005653
8.710000 0.000000 0.169188
8.720000 240.000000 0.816462
8.730000 240.000000 0.994486
8.740000 233.170000 0.995770
8.750000 233.170000 0.982406
8.760000 226.530000 0.742641
8.770000 220.080000 0.780715
8.780000 196.070000 0.237635
8.790000 196.070000 0.510880
8.800000 201.820000 0.721132
8.810000 201.820000 0.957308
8.820000 201.820000 0.992613
8.830000 190.490000 0.994645
8.840000 190.490000 0.995733
8.850000 190.490000 0.997084
8.860000 190.490000 0.997918
8.870000 190.490000 0.997810
8.880000 196.070000 0.983867
8.890000 196.070000 0.996661
8.900000 196.070000 0.998222
8.910000 207.730000 0.959758
8.920000 207.730000 0.754644
8.930000 213.820000 0.478003
8.940000 213.820000 0.757976
8.950000 201.820000 0.409758
8.960000 196.070000 0.687273
8.970000 196.070000 0.854742
8.980000 207.730000 0.990531
8.990000 207.730000 0.990885
9.000000 207.730000 0.988168
9.010000 213.820000 0.993065
9.020000 213.820000 0.998745
9.030000 213.820000 0.998740
9.040000 213.820000 0.992578
9.050000 0.000000 0.180471
9.060000 0.000000 0.102502
9.070000 0.000000 0.698264
9.080000 0.000000 0.084285
9.090000 0.000000 0.030725
9.100000 0.000000 0.111704
9.110000 0.000000 0.080909
9.120000 0.000000 0.691925
9.130000 0.000000 0.441468
9.140000 0.000000 0.876792
9.150000 0.000000 0.750537
9.160000 0.000000 0.976425
9.170000 0.000000 0.611779
9.180000 0.000000 0.763228
9.190000 0.000000 0.647677
9.200000 0.000000 0.776980
9.210000 0.000000 0.322289
9.220000 0.000000 0.051948
9.230000 0.000000 0.888707
9.240000 0.000000 0.071076
9.250000 0.000000 0.023229
9.260000 0.000000 0.091541
9.270000 0.000000 0.377944
9.280000 0.000000 0.388454
9.290000 0.000000 0.103430
9.300000 0.000000 0.062948
9.310000 0.000000 0.171625
9.320000 0.000000 0.021223
9.330000 0.000000 0.014677
9.340000 0.000000 0.018137
9.350000 0.000000 0.006782
9.360000 0.000000 0.003296
9.370000 0.000000 0.015997
9.380000 0.000000 0.013493
9.390000 0.000000 0.020240
9.400000 0.000000 0.074962
9.410000 0.000000 0.031707
9.420000 0.000000 0.056221
9.430000 0.000000 0.018167
9.440000 0.000000 0.018137
9.450000 0.000000 0.017508
9.460000 0.000000 0.037100
9.470000 0.000000 0.098745
9.480000 0.000000 0.023909
9.490000 0.000000 0.014049
9.500000 0.000000 0.003600
9.510000 0.000000 0.007435
9.520000 0.000000 0.017665
9.530000 0.000000 0.006446
9.540000 0.000000 0.007603
9.550000 0.000000 0.028036
9.560000 0.000000 0.007112
9.570000 0.000000 0.032321
9.580000 0.000000 0.022028
9.590000 0.000000 0.014018
9.600000 0.000000 0.012247
9.610000 0.000000 0.204361
9.620000 0.000000 0.107474
9.630000 0.000000 0.140216
9.640000 0.000000 0.053227
9.650000 0.000000 0.113154
9.660000 0.000000 0.020124
9.670000 0.000000 0.004955
9.680000 0.000000 0.047879
9.690000 0.000000 0.130034
9.700000 0.000000 0.098780
9.710000 0.000000 0.111793
9.720000 0.000000 0.078481
9.730000 0.000000 0.065276
9.740000 0.000000 0.136643
9.750000 0.000000 0.045574
9.760000 0.000000 0.044957
9.770000 0.000000 0.025612
9.780000 0.000000 0.040521
9.790000 0.000000 0.066336
9.800000 0.000000 0.134725
9.810000 0.000000 0.284376
9.820000 0.000000 0.083621
9.830000 0.000000 0.026048
9.840000 0.000000 0.025750
9.850000 0.000000 0.016734
9.860000 0.000000 0.019746
9.870000 0.000000 0.031896
9.880000 0.000000 0.058282
9.890000 0.000000 0.026814
9.900000 0.000000 0.014242
9.910000 0.000000 0.000547
9.920000 0.000000 0.066425
9.930000 0.000000 0.194076
9.940000 349.360000 0.848308
9.950000 349.360000 0.909703
9.960000 349.360000 0.964133
9.970000 349.360000 0.681788
