226.530000 0.151527
226.530000 0.761877
233.170000 0.764295
240.000000 0.998188
240.000000 0.993777
254.270000 0.997952
254.270000 0.999014
261.720000 0.993512
269.390000 0.998992
277.280000 0.996766
285.410000 0.992148
285.410000 0.999149
285.410000 0.866966
320.360000 0.685647
320.360000 0.244622
320.360000 0.157731
329.750000 0.433914
329.750000 0.661318
329.750000 0.945365
329.750000 0.994237
329.750000 0.999322
339.410000 0.997799
349.360000 0.996602
349.360000 0.998044
349.360000 0.985944
339.410000 0.902315
0.000000 0.334603
0.000000 0.184288
0.000000 0.752594
0.000000 0.412209
0.000000 0.220825
0.000000 0.523013
0.000000 0.038332
0.000000 0.021564
0.000000 0.015029
0.000000 0.014831
0.000000 0.055337
0.000000 0.018358
0.000000 0.028880
0.000000 0.017816
0.000000 0.027455
0.000000 0.021078
0.000000 0.004039
0.000000 0.028807
0.000000 0.325989
0.000000 0.038692
0.000000 0.089307
0.000000 0.289941
0.000000 0.588278
0.000000 0.237166
0.000000 0.178556
0.000000 0.022676
0.000000 0.014607
0.000000 0.039523
0.000000 0.031958
0.000000 0.014897
0.000000 0.008802
0.000000 0.020813
0.000000 0.001194
0.000000 0.007275
0.000000 0.081179
0.000000 0.286768
0.000000 0.255285
0.000000 0.371135
0.000000 0.082063
0.000000 0.073637
0.000000 0.155138
0.000000 0.174634
0.000000 0.063454
0.000000 0.031345
0.000000 0.023584
0.000000 0.012920
0.000000 0.015139
0.000000 0.099305
0.000000 0.061216
0.000000 0.029774
0.000000 0.047438
0.000000 0.037889
0.000000 0.028455
0.000000 0.054648
0.000000 0.049534
0.000000 0.035883
0.000000 0.006994
0.000000 0.043802
0.000000 0.081102
0.000000 0.031238
0.000000 0.144289
0.000000 0.035289
0.000000 0.010308
0.000000 0.027811
0.000000 0.050955
0.000000 0.023542
0.000000 0.006780
0.000000 0.008176
0.000000 0.058187
0.000000 0.057144
0.000000 0.120096
0.000000 0.029603
0.000000 0.034310
0.000000 0.001854
0.000000 0.006153
0.000000 0.004433
0.000000 0.007034
0.000000 0.046678
0.000000 0.303771
0.000000 0.176472
0.000000 0.567838
0.000000 0.052583
0.000000 0.066928
0.000000 0.212087
0.000000 0.011806
0.000000 0.007690
0.000000 0.001592
0.000000 0.062243
0.000000 0.178689
0.000000 0.011096
0.000000 0.046003
0.000000 0.015842
0.000000 0.191696
0.000000 0.062770
0.000000 0.018434
0.000000 0.018023
0.000000 0.119719
0.000000 0.245827
0.000000 0.013917
0.000000 0.021565
0.000000 0.041450
0.000000 0.244784
0.000000 0.056130
0.000000 0.062493
0.000000 0.005893
0.000000 0.025249
0.000000 0.011035
0.000000 0.029259
0.000000 0.033065
0.000000 0.062195
0.000000 0.050412
0.000000 0.046357
0.000000 0.078098
0.000000 0.058159
0.000000 0.014908
0.000000 0.029676
0.000000 0.033092
0.000000 0.039736
0.000000 0.050607
0.000000 0.003449
0.000000 0.018754
0.000000 0.020782
0.000000 0.045305
0.000000 0.055284
0.000000 0.066176
0.000000 0.127912
0.000000 0.044751
0.000000 0.084269
0.000000 0.003367
0.000000 0.004217
0.000000 0.004890
0.000000 0.014554
0.000000 0.021771
0.000000 0.006467
0.000000 0.017331
0.000000 0.017145
0.000000 0.056821
0.000000 0.149897
0.000000 0.039802
0.000000 0.024591
0.000000 0.134845
0.000000 0.089834
0.000000 0.078014
0.000000 0.194106
0.000000 0.062547
0.000000 0.065534
0.000000 0.186146
0.000000 0.159746
0.000000 0.204019
0.000000 0.088231
0.000000 0.068180
0.000000 0.024972
0.000000 0.007073
0.000000 0.033574
0.000000 0.037027
0.000000 0.060052
0.000000 0.077322
0.000000 0.049145
0.000000 0.096443
0.000000 0.116690
0.000000 0.100400
0.000000 0.064881
0.000000 0.046158
0.000000 0.057123
0.000000 0.089384
0.000000 0.096100
0.000000 0.079940
0.000000 0.064609
0.000000 0.024137
0.000000 0.009957
0.000000 0.225213
0.000000 0.033886
0.000000 0.027928
0.000000 0.023908
0.000000 0.159183
0.000000 0.938169
0.000000 0.154529
0.000000 0.012885
0.000000 0.051891
0.000000 0.056346
0.000000 0.186400
0.000000 0.052162
0.000000 0.059182
0.000000 0.049066
0.000000 0.053018
0.000000 0.197522
0.000000 0.368557
0.000000 0.215906
0.000000 0.061337
0.000000 0.091950
0.000000 0.127107
0.000000 0.107667
0.000000 0.103760
0.000000 0.114649
0.000000 0.084407
0.000000 0.097134
0.000000 0.043576
0.000000 0.013244
0.000000 0.026017
0.000000 0.097560
0.000000 0.100023
0.000000 0.031189
0.000000 0.047355
0.000000 0.201240
0.000000 0.123975
0.000000 0.155025
0.000000 0.135910
0.000000 0.181342
0.000000 0.562482
0.000000 0.032715
0.000000 0.030217
0.000000 0.159826
0.000000 0.043142
0.000000 0.089654
0.000000 0.094466
0.000000 0.199337
0.000000 0.215030
0.000000 0.176312
0.000000 0.282765
0.000000 0.242108
0.000000 0.035981
0.000000 0.047913
0.000000 0.020667
0.000000 0.060984
0.000000 0.044509
0.000000 0.036917
0.000000 0.022357
0.000000 0.025546
0.000000 0.039551
0.000000 0.083204
0.000000 0.104981
0.000000 0.141759
0.000000 0.099085
0.000000 0.083607
0.000000 0.005144
0.000000 0.003455
0.000000 0.033633
0.000000 0.003462
0.000000 0.006480
0.000000 0.029568
0.000000 0.029649
0.000000 0.209555
0.000000 0.091731
0.000000 0.048829
0.000000 0.075898
0.000000 0.041824
0.000000 0.052531
0.000000 0.060101
0.000000 0.074722
0.000000 0.090549
0.000000 0.064949
0.000000 0.021785
0.000000 0.046864
0.000000 0.170043
0.000000 0.064057
0.000000 0.075234
0.000000 0.035989
0.000000 0.038929
0.000000 0.069531
0.000000 0.078176
0.000000 0.093053
0.000000 0.148592
0.000000 0.063770
0.000000 0.015976
0.000000 0.057869
0.000000 0.123927
0.000000 0.153281
0.000000 0.164661
0.000000 0.274228
0.000000 0.153272
0.000000 0.104163
0.000000 0.084286
0.000000 0.093287
0.000000 0.115776
0.000000 0.112120
0.000000 0.093725
0.000000 0.053027
0.000000 0.085040
0.000000 0.104096
0.000000 0.112317
0.000000 0.127446
0.000000 0.103633
0.000000 0.114604
0.000000 0.087182
0.000000 0.097257
0.000000 0.110922
0.000000 0.150693
0.000000 0.098604
0.000000 0.072321
0.000000 0.109520
0.000000 0.137668
0.000000 0.004159
0.000000 0.003065
0.000000 0.003349
0.000000 0.002110
0.000000 0.022349
0.000000 0.053543
0.000000 0.002252
0.000000 0.057924
0.000000 0.096636
0.000000 0.080473
0.000000 0.075525
0.000000 0.126119
0.000000 0.036740
0.000000 0.013037
0.000000 0.052988
0.000000 0.059295
0.000000 0.097784
0.000000 0.056621
0.000000 0.104085
0.000000 0.069631
0.000000 0.027083
0.000000 0.014385
0.000000 0.114290
0.000000 0.093278
0.000000 0.137030
0.000000 0.084810
0.000000 0.035509
0.000000 0.007732
0.000000 0.146206
0.000000 0.009208
0.000000 0.079941
0.000000 0.409170
0.000000 0.299935
0.000000 0.028954
0.000000 0.004006
0.000000 0.047567
0.000000 0.053287
0.000000 0.031057
0.000000 0.023445
0.000000 0.028367
0.000000 0.038356
0.000000 0.047821
0.000000 0.343832
0.000000 0.358057
0.000000 0.250586
0.000000 0.063392
0.000000 0.064505
0.000000 0.029983
0.000000 0.097971
0.000000 0.077152
0.000000 0.096014
0.000000 0.031753
0.000000 0.069808
0.000000 0.069454
0.000000 0.056560
0.000000 0.014978
0.000000 0.024431
0.000000 0.049684
0.000000 0.036728
0.000000 0.074457
0.000000 0.126551
0.000000 0.234282
0.000000 0.093633
0.000000 0.016288
0.000000 0.040409
0.000000 0.025641
0.000000 0.039676
0.000000 0.041159
0.000000 0.053890
0.000000 0.067532
0.000000 0.144795
0.000000 0.056894
0.000000 0.082622
0.000000 0.085287
0.000000 0.233109
0.000000 0.065308
0.000000 0.040545
0.000000 0.090741
0.000000 0.276144
0.000000 0.188001
0.000000 0.072117
0.000000 0.144837
0.000000 0.078969
0.000000 0.229760
0.000000 0.076464
0.000000 0.148651
0.000000 0.069102
0.000000 0.116974
0.000000 0.489559
0.000000 0.077791
0.000000 0.072452
0.000000 0.092202
0.000000 0.110826
0.000000 0.021368
0.000000 0.034403
0.000000 0.101337
0.000000 0.092686
0.000000 0.242513
0.000000 0.097389
0.000000 0.070193
0.000000 0.183706
0.000000 0.068183
0.000000 0.073324
0.000000 0.129802
0.000000 0.101812
0.000000 0.110806
0.000000 0.055603
0.000000 0.038046
0.000000 0.168462
0.000000 0.081055
0.000000 0.241591
0.000000 0.092719
0.000000 0.120816
0.000000 0.047541
0.000000 0.060372
0.000000 0.028413
0.000000 0.002291
0.000000 0.002401
0.000000 0.099108
0.000000 0.051830
0.000000 0.065655
0.000000 0.041532
0.000000 0.045649
0.000000 0.027127
0.000000 0.048188
0.000000 0.049755
0.000000 0.115025
0.000000 0.045726
0.000000 0.047667
0.000000 0.192584
0.000000 0.114135
0.000000 0.172591
0.000000 0.075100
0.000000 0.057362
0.000000 0.083857
0.000000 0.033403
0.000000 0.076187
0.000000 0.142761
0.000000 0.183618
0.000000 0.242409
0.000000 0.147039
0.000000 0.110185
0.000000 0.094900
0.000000 0.067573
0.000000 0.113695
0.000000 0.237203
0.000000 0.124980
0.000000 0.126504
0.000000 0.148252
0.000000 0.089911
0.000000 0.141216
0.000000 0.126987
0.000000 0.072999
0.000000 0.124318
0.000000 0.129391
0.000000 0.050361
0.000000 0.074788
0.000000 0.129116
0.000000 0.043475
0.000000 0.060617
0.000000 0.062750
0.000000 0.080305
0.000000 0.042147
0.000000 0.051241
0.000000 0.039535
0.000000 0.013702
0.000000 0.020239
0.000000 0.018729
0.000000 0.072735
0.000000 0.107664
0.000000 0.054473
0.000000 0.079061
0.000000 0.191356
0.000000 0.066327
0.000000 0.016457
0.000000 0.038621
0.000000 0.370272
0.000000 0.263350
0.000000 0.007103
0.000000 0.011644
0.000000 0.005901
0.000000 0.007133
0.000000 0.001654
0.000000 0.002591
0.000000 0.003023
0.000000 0.079319
0.000000 0.094761
0.000000 0.066623
0.000000 0.162248
0.000000 0.005167
0.000000 0.045696
0.000000 0.020971
0.000000 0.026806
0.000000 0.036205
0.000000 0.045994
0.000000 0.041831
0.000000 0.017224
0.000000 0.046435
0.000000 0.013065
0.000000 0.005722
0.000000 0.050580
0.000000 0.138842
0.000000 0.055989
0.000000 0.055693
0.000000 0.036476
0.000000 0.022051
0.000000 0.003369
0.000000 0.032512
0.000000 0.072314
0.000000 0.112928
0.000000 0.338354
254.270000 0.958142
254.270000 0.946287
261.720000 0.987857
277.280000 0.998067
285.410000 0.996069
311.240000 0.923526
311.240000 0.928824
329.750000 0.992477
329.750000 0.988831
339.410000 0.968845
339.410000 0.976266
339.410000 0.847891
339.410000 0.954315
329.750000 0.994473
329.750000 0.897434
311.240000 0.964519
311.240000 0.880768
311.240000 0.603368
329.750000 0.051975
329.750000 0.047477
349.360000 0.936418
359.590000 0.982978
359.590000 0.987403
359.590000 0.979889
370.130000 0.993730
370.130000 0.856370
370.130000 0.582443
0.000000 0.109442
0.000000 0.001399
0.000000 0.132619
0.000000 0.329360
0.000000 0.262482
0.000000 0.451889
0.000000 0.797019
0.000000 0.975734
0.000000 0.513958
403.630000 0.390224
403.630000 0.942700
403.630000 0.949940
403.630000 0.737287
403.630000 0.311346
403.630000 0.147679
403.630000 0.063845
403.630000 0.531640
403.630000 0.648485
403.630000 0.221179
403.630000 0.782089
403.630000 0.958668
403.630000 0.929826
380.980000 0.891073
359.590000 0.896182
0.000000 0.516288
0.000000 0.138696
0.000000 0.148449
0.000000 0.203381
0.000000 0.328387
0.000000 0.164404
0.000000 0.384819
0.000000 0.243411
370.130000 0.715485
370.130000 0.992707
370.130000 0.986771
359.590000 0.963598
349.360000 0.993119
349.360000 0.971455
349.360000 0.777156
0.000000 0.273495
0.000000 0.088267
0.000000 0.220628
0.000000 0.057532
0.000000 0.519054
0.000000 0.221280
0.000000 0.020486
0.000000 0.022066
0.000000 0.008897
0.000000 0.006553
0.000000 0.009609
0.000000 0.000818
0.000000 0.017038
0.000000 0.132549
349.360000 0.752412
359.590000 0.949667
359.590000 0.987392
359.590000 0.979611
370.130000 0.994371
370.130000 0.988108
359.590000 0.992818
349.360000 0.808818
349.360000 0.653441
0.000000 0.227346
0.000000 0.058510
0.000000 0.047994
0.000000 0.002449
0.000000 0.000683
0.000000 0.016558
0.000000 0.133302
0.000000 0.462524
320.360000 0.997369
311.240000 0.991511
302.380000 0.967568
285.410000 0.993648
277.280000 0.998740
269.390000 0.669951
261.720000 0.988850
261.720000 0.997486
269.390000 0.998806
269.390000 0.999052
269.390000 0.995939
269.390000 0.996942
269.390000 0.984773
269.390000 0.762837
0.000000 0.203392
0.000000 0.024214
0.000000 0.014317
0.000000 0.002847
0.000000 0.002443
0.000000 0.007430
0.000000 0.003894
0.000000 0.041491
0.000000 0.031313
0.000000 0.105480
285.410000 0.811134
285.410000 0.969223
277.280000 0.974587
269.390000 0.999388
269.390000 0.997135
269.390000 0.952434
261.720000 0.617283
261.720000 0.247310
269.390000 0.347462
269.390000 0.423806
269.390000 0.562447
0.000000 0.111609
0.000000 0.162201
0.000000 0.960329
0.000000 0.409832
0.000000 0.030147
0.000000 0.020812
0.000000 0.001423
0.000000 0.005145
0.000000 0.179321
213.820000 0.997210
213.820000 0.996975
207.730000 0.986873
201.820000 0.994240
201.820000 0.989666
201.820000 0.924996
196.070000 0.976994
190.490000 0.990025
190.490000 0.999422
190.490000 0.994784
190.490000 0.990751
196.070000 0.925232
196.070000 0.614089
201.820000 0.437860
201.820000 0.091543
201.820000 0.035050
201.820000 0.041456
196.070000 0.326682
196.070000 0.972704
196.070000 0.897113
0.000000 0.007641
0.000000 0.004028
0.000000 0.000720
0.000000 0.004371
233.170000 0.774457
233.170000 0.998260
233.170000 0.999197
233.170000 0.991436
226.530000 0.981252
226.530000 0.982042
233.170000 0.940301
240.000000 0.994052
247.030000 0.995025
254.270000 0.991049
254.270000 0.994364
254.270000 0.572357
0.000000 0.005359
0.000000 0.012202
0.000000 0.011295
0.000000 0.015445
0.000000 0.004435
0.000000 0.024454
0.000000 0.123127
0.000000 0.034603
0.000000 0.002892
0.000000 0.005115
0.000000 0.006270
0.000000 0.028805
349.360000 0.785651
349.360000 0.929745
329.750000 0.926025
320.360000 0.997863
311.240000 0.986692
302.380000 0.969374
293.770000 0.778763
293.770000 0.382892
293.770000 0.765876
293.770000 0.969088
293.770000 0.932910
293.770000 0.850733
293.770000 0.603377
293.770000 0.169437
311.240000 0.053918
311.240000 0.862369
320.360000 0.980302
320.360000 0.993823
329.750000 0.991178
329.750000 0.976580
329.750000 0.979742
329.750000 0.964121
339.410000 0.982322
339.410000 0.980285
339.410000 0.969805
329.750000 0.860102
311.240000 0.970017
293.770000 0.925921
293.770000 0.913308
311.240000 0.966267
311.240000 0.708127
320.360000 0.816474
329.750000 0.905179
329.750000 0.991158
329.750000 0.973520
0.000000 0.631508
0.000000 0.310082
0.000000 0.193860
0.000000 0.041120
0.000000 0.006012
0.000000 0.033338
0.000000 0.032247
0.000000 0.047478
0.000000 0.071374
0.000000 0.072768
0.000000 0.043459
0.000000 0.045688
0.000000 0.009297
0.000000 0.004655
0.000000 0.003519
0.000000 0.050510
0.000000 0.053645
247.030000 0.985540
240.000000 0.989773
233.170000 0.993036
226.530000 0.830949
220.080000 0.972397
213.820000 0.223793
213.820000 0.762979
213.820000 0.648565
213.820000 0.825102
213.820000 0.817045
207.730000 0.252724
207.730000 0.447718
213.820000 0.992932
213.820000 0.994132
213.820000 0.996015
213.820000 0.948240
213.820000 0.995851
213.820000 0.998326
213.820000 0.999312
213.820000 0.998421
207.730000 0.997214
190.490000 0.986534
190.490000 0.995819
190.490000 0.988199
196.070000 0.829250
201.820000 0.783202
201.820000 0.967774
201.820000 0.994039
201.820000 0.571256
201.820000 0.689592
201.820000 0.869427
196.070000 0.906386
196.070000 0.989370
196.070000 0.992850
190.490000 0.997864
190.490000 0.998116
190.490000 0.997854
196.070000 0.999702
196.070000 0.995022
196.070000 0.844032
196.070000 0.660707
0.000000 0.182406
0.000000 0.027331
0.000000 0.019141
0.000000 0.003760
0.000000 0.005993
0.000000 0.530432
240.000000 0.458449
240.000000 0.984530
233.170000 0.949639
233.170000 0.997695
226.530000 0.991686
226.530000 0.997489
226.530000 0.999625
226.530000 0.999783
226.530000 0.999429
226.530000 0.948430
0.000000 0.208043
0.000000 0.416992
0.000000 0.256993
0.000000 0.668015
0.000000 0.635548
0.000000 0.430060
0.000000 0.019552
0.000000 0.009436
0.000000 0.050891
0.000000 0.236042
0.000000 0.008382
0.000000 0.011868
0.000000 0.025657
0.000000 0.017012
0.000000 0.010736
0.000000 0.008709
0.000000 0.005799
0.000000 0.007100
0.000000 0.049452
0.000000 0.027509
0.000000 0.001533
0.000000 0.007556
0.000000 0.099079
302.380000 0.451686
302.380000 0.984870
293.770000 0.987373
293.770000 0.958154
293.770000 0.965611
293.770000 0.973613
293.770000 0.971875
293.770000 0.982245
293.770000 0.976783
293.770000 0.861806
293.770000 0.959234
293.770000 0.545519
285.410000 0.864430
0.000000 0.084678
0.000000 0.023003
0.000000 0.395376
0.000000 0.398331
0.000000 0.297074
0.000000 0.222002
0.000000 0.093649
0.000000 0.002986
0.000000 0.005253
0.000000 0.169448
240.000000 0.813608
240.000000 0.994645
233.170000 0.995948
233.170000 0.982408
226.530000 0.741987
220.080000 0.788529
196.070000 0.232548
196.070000 0.510635
201.820000 0.716207
201.820000 0.957409
201.820000 0.992639
190.490000 0.994779
190.490000 0.995850
190.490000 0.997141
190.490000 0.997924
190.490000 0.997879
196.070000 0.984198
196.070000 0.996617
196.070000 0.998207
207.730000 0.960576
207.730000 0.758062
213.820000 0.488307
213.820000 0.769500
201.820000 0.405383
196.070000 0.701232
196.070000 0.858433
207.730000 0.990272
207.730000 0.989712
207.730000 0.988217
213.820000 0.993080
213.820000 0.998731
213.820000 0.998755
213.820000 0.992320
0.000000 0.200587
0.000000 0.118891
0.000000 0.658526
0.000000 0.078277
0.000000 0.027005
0.000000 0.076497
0.000000 0.047196
0.000000 0.659736
0.000000 0.447617
0.000000 0.877074
0.000000 0.752526
0.000000 0.976386
0.000000 0.612174
0.000000 0.767352
0.000000 0.643705
0.000000 0.774415
0.000000 0.319062
0.000000 0.052725
0.000000 0.887146
0.000000 0.069585
0.000000 0.022719
0.000000 0.094060
0.000000 0.380893
0.000000 0.385162
0.000000 0.100667
0.000000 0.058631
0.000000 0.173518
0.000000 0.022440
0.000000 0.014341
0.000000 0.017595
0.000000 0.007045
0.000000 0.003694
0.000000 0.017977
0.000000 0.013385
0.000000 0.020237
0.000000 0.075784
0.000000 0.028907
0.000000 0.054807
0.000000 0.017756
0.000000 0.021605
0.000000 0.023875
0.000000 0.031593
0.000000 0.085944
0.000000 0.023091
0.000000 0.014217
0.000000 0.002988
0.000000 0.007117
0.000000 0.021345
0.000000 0.006664
0.000000 0.007697
0.000000 0.031732
0.000000 0.005922
0.000000 0.030596
0.000000 0.019608
0.000000 0.014189
0.000000 0.016659
0.000000 0.198380
0.000000 0.108242
0.000000 0.146514
0.000000 0.046413
0.000000 0.043689
0.000000 0.018629
0.000000 0.006996
0.000000 0.045005
0.000000 0.127145
0.000000 0.098105
0.000000 0.106031
0.000000 0.078437
0.000000 0.063829
0.000000 0.133778
0.000000 0.050227
0.000000 0.052016
0.000000 0.027722
0.000000 0.036802
0.000000 0.066100
0.000000 0.162311
0.000000 0.311244
0.000000 0.106642
0.000000 0.040651
0.000000 0.048075
0.000000 0.030508
0.000000 0.021365
0.000000 0.043912
0.000000 0.050155
0.000000 0.027634
0.000000 0.016655
0.000000 0.000586
0.000000 0.075266
0.000000 0.186869
0.000000 0.847526
0.000000 0.969649
0.000000 0.979039
0.000000 0.411033
0.000000 0.035309
0.000000 0.017507
